29.841283601537437420
29.841283601537437420
29.841283601537437420
29.841283601537437420
29.841283601537437420
29.841283601537437420
29.841283601537437420
29.841283601537437420
29.794438198549308083
29.794438198549308083
29.841283601537437420
29.794438198549308083
29.794438198549308083
29.794438198549308083
29.794438198549308083
29.841283601537437420
29.794438198549308083
29.794438198549308083
29.794438198549308083
29.794438198549308083
29.794438198549308083
29.794438198549308083
953.770355543171262980
29.794438198549308083
953.770355543171262980
29.794438198549308083
29.794438198549308083
29.794438198549308083
